Hello, world!
!dlrow ,olleH
01 00 6B 11 0A 0C 0D 0D 14 
0B 0A 02 0B 0D 00 17 0E 0B 
15 0A 01 00 08 11 0E 11 0A 
11 0C 11 0B 03 0B 0C 00 34 
17 0A 0B 15 0B 11 0E 11 0B 
16 0B 14 0A 0B 11 0E 09 0A 
00 53 0E 0A 09 0A 00 45 0E 
0A 09 0A 00 47 0E 0A 09 0A 
00 46 0E 0A 09 0A 00 41 0E 
0A 09 0A 00 55 0E 0A 09 0A 
00 4C 0E 0A 09 0A 00 54 0E 
0A 09 0A 00 0A 0E 0A 0F 09 
0B 00 B8 01 00 84 09 0D 00 
0A 20 0A 0E 0A 02 0A 0D 00 
98 10 0A 01 00 19 09 0A 00 
84 10 0A 08 0A 0B 10 0A 09 
0A FF FF 10 0A 01 00 72 09 
0D 00 B8 09 0C 00 A7 10 0C 
10 0B 01 00 2B 0E 0A 03 0D 
0B 00 B1 01 00 98 09 0A 00 
0A 0E 0A 0F 48 65 6C 6C 6F 
2C 20 77 6F 72 6C 64 21 00 
00 00 00 00 00 00 00 00 00 
00 00 00 00 00 00 00 00 00 
00 00 00 00 00 00 00 00 00 
00 00 00 00 00 00 00 00 00 
00 00 00 00 00 00 00 00 00 
00 00 00 00 00 00 00 00 00 
00 00 00 00 00 00 00 00 00 
00 00 00 00 00 00 00 00 00 
00 00 00 00 00 00 00 00 00 
00 00 00 00 00 00 00 00 00 
00 00 00 00 00 00 00 00 00 
00 00 00 00 00 00 00 00 00 
00 00 00 00 00 00 00 00 00 
00 00 00 00 00 00 00 00 00 
00 00 00 00 00 00 00 00 00 
00 00 00 00 00 00 00 00 00 
00 00 00 00 00 00 00 00 00 
00 00 00 00 00 00 00 00 00 
00 00 00 00 00 00 00 00 00 
00 00 00 00 00 00 00 00 00 
00 00 00 00 00 00 00 00 00 
00 00 00 00 00 00 00 00 00 
00 00 00 00 00 00 00 00 00 
00 00 00 00 00 00 00 00 00 
00 00 00 00 00 00 00 00 00 
00 00 00 00 00 00 00 00 00 
00 00 00 00 00 00 00 00 00 
00 00 00 00 00 00 00 00 00 
00 00 00 00 00 00 00 00 00 
00 00 00 00 00 00 00 00 00 
00 00 00 00 00 00 00 00 00 
00 00 00 00 00 00 00 00 00 
00 00 00 00 00 00 00 00 00 
00 00 00 00 00 00 00 00 00 
00 00 00 00 00 00 00 00 00 
00 00 00 00 00 00 00 00 00 
00 00 00 00 00 00 00 00 00 
00 00 00 00 00 00 00 00 00 
00 00 00 00 00 00 00 00 00 
00 00 00 00 00 00 00 00 00 
00 00 00 00 00 00 00 00 00 
00 00 00 00 00 00 00 00 00 
00 00 00 00 00 00 00 00 00 
00 00 00 00 00 00 00 00 00 
00 00 00 00 00 00 00 00 00 
00 00 00 00 00 00 00 00 00 
00 00 00 00 00 00 00 00 00 
00 00 00 00 00 00 00 00 00 
00 00 00 00 00 00 00 00 00 
00 00 00 00 00 00 00 00 00 
00 00 00 00 00 00 00 00 00 
00 00 00 00 00 00 00 00 00 
00 00 00 00 00 00 00 00 00 
00 00 00 00 00 00 00 00 00 
00 00 00 00 00 00 00 00 00 
00 00 00 00 00 00 00 00 00 
00 00 00 00 00 00 00 00 00 
00 00 00 00 00 00 00 00 00 
00 00 00 00 00 00 00 00 00 
00 00 00 00 00 00 00 00 00 
00 00 00 00 00 00 00 00 00 
00 00 00 00 00 00 00 00 00 
00 00 00 00 00 00 00 00 00 
00 00 00 00 00 00 00 00 00 
00 00 00 00 00 00 00 00 00 
00 00 00 00 00 00 00 00 00 
00 00 00 00 00 00 00 00 00 
00 00 00 00 00 00 00 00 00 
00 00 00 00 00 00 00 00 00 
00 00 00 00 00 00 00 00 00 
00 00 00 00 00 00 00 00 00 
00 00 00 00 00 00 00 00 00 
00 00 00 00 00 00 00 00 00 
00 00 00 00 00 00 00 00 00 
00 00 00 00 00 00 00 00 00 
00 00 00 00 00 00 00 00 00 
00 00 00 00 00 00 00 00 00 
00 00 00 00 00 00 00 00 00 
00 00 00 00 00 00 00 00 00 
00 00 00 00 00 00 00 00 00 
00 00 00 00 00 00 00 00 00 
00 00 00 00 00 00 00 00 00 
00 00 00 00 00 00 00 00 00 
00 00 00 00 00 00 00 00 00 
00 00 00 00 00 00 00 00 00 
00 00 00 00 00 00 00 00 00 
00 00 00 00 00 00 00 00 00 
00 00 00 00 00 00 00 00 00 
00 00 00 00 00 00 00 00 00 
00 00 00 00 00 00 00 00 00 
00 00 00 00 00 00 00 00 00 
00 00 00 00 00 00 00 00 00 
00 00 00 00 00 00 00 00 00 
00 00 00 00 00 00 00 00 00 
00 00 00 00 00 00 00 00 00 
00 00 00 00 00 00 00 00 00 
00 00 00 00 00 00 00 00 00 
00 00 00 00 00 00 00 00 00 
00 00 00 00 00 00 00 00 00 
00 00 00 00 00 00 00 00 00 
00 00 00 00 00 00 00 00 00 
00 00 00 00 00 00 00 00 00 
00 00 00 00 00 00 00 00 00 
00 00 00 00 00 00 00 00 00 
00 00 00 00 00 00 00 00 00 
00 00 00 00 00 00 00 00 00 
00 00 00 00 00 00 00 00 00 
00 00 00 00 00 00 00 00 00 
00 00 00 00 00 00 00 00 00 
00 00 00 00 00 00 00 00 00 
00 00 00 00 00 00 00 00 00 
00 00 00 00 00 00 00 00 00 
00 00 00 00 00 00 00 00 00 
00 00 00 00 00 00 00 00 00 
00 00 00 00 00 00 00 00 00 
00 00 00 00 00 00 00 00 00 
00 00 00 00 00 00 00 00 00 
00 00 00 00 00 00 00 00 00 
00 00 00 00 00 00 00 00 00 
00 00 00 00 00 00 00 00 00 
00 00 00 00 00 00 00 00 00 
00 00 00 00 00 00 00 00 00 
00 00 00 00 00 00 00 00 00 
00 00 00 00 00 00 00 00 00 
00 00 00 00 00 00 00 00 00 
00 00 00 00 00 00 00 00 00 
00 00 00 00 00 00 00 00 00 
00 00 00 00 00 00 00 00 00 
00 00 00 00 00 00 00 00 00 
00 00 00 00 00 00 00 00 00 
00 00 00 00 00 00 00 00 00 
00 00 00 00 00 00 00 00 00 
00 00 00 00 00 00 00 00 00 
00 00 00 00 00 00 00 00 00 
00 00 00 00 00 00 00 00 00 
00 00 00 00 00 00 00 00 00 
00 00 00 00 00 00 00 00 00 
00 00 00 00 00 00 00 00 00 
00 00 00 00 00 00 00 00 00 
00 00 00 00 00 00 00 00 00 
00 00 00 00 00 00 00 00 00 
00 00 00 00 00 00 00 00 00 
00 00 00 00 00 00 00 00 00 
00 00 00 00 00 00 00 00 00 
00 00 00 00 00 00 00 00 00 
00 00 00 00 00 00 00 00 00 
00 00 00 00 00 00 00 00 00 
00 00 00 00 00 00 00 00 00 
00 00 00 00 00 00 00 00 00 
00 00 00 00 00 00 00 00 00 
00 00 00 00 00 00 00 00 00 
00 00 00 00 00 00 00 00 00 
00 00 00 00 00 00 00 00 00 
00 00 00 00 00 00 00 00 00 
00 00 00 00 00 00 00 00 00 
00 00 00 00 00 00 00 00 00 
00 00 00 00 00 00 00 00 00 
00 00 00 00 00 00 00 00 00 
00 00 00 00 00 00 00 00 00 
00 00 00 00 00 00 00 00 00 
00 00 00 00 00 00 00 00 00 
00 00 00 00 00 00 00 00 00 
00 00 00 00 00 00 00 00 00 
00 00 00 00 00 00 00 00 00 
00 00 00 00 00 00 00 00 00 
00 00 00 00 00 00 00 00 00 
00 00 00 00 00 00 00 00 00 
00 00 00 00 00 00 00 00 00 
00 00 00 00 00 00 00 00 00 
00 00 00 00 00 00 00 00 00 
00 00 00 00 00 00 00 00 00 
00 00 00 00 00 00 00 00 00 
00 00 00 00 00 00 00 00 00 
00 00 00 00 00 00 00 00 00 
00 00 00 00 00 00 00 00 00 
00 00 00 00 00 00 00 00 00 
00 00 00 00 00 00 00 00 00 
00 00 00 00 00 00 00 00 00 
00 00 00 00 00 00 00 00 00 
00 00 00 00 00 00 00 00 00 
00 00 00 00 00 00 00 00 00 
00 00 00 00 00 00 00 00 00 
00 00 00 00 00 00 00 00 00 
00 00 00 00 00 00 00 00 00 
00 00 00 00 00 00 00 00 00 
00 00 00 00 00 00 00 00 00 
00 00 00 00 00 00 00 00 00 
00 00 00 00 00 00 00 00 00 
00 00 00 00 00 00 00 00 00 
00 00 00 00 00 00 00 00 00 
00 00 00 00 00 00 00 00 00 
00 00 00 00 00 00 00 00 00 
00 00 00 00 00 00 00 00 00 
00 00 00 00 00 00 00 00 00 
00 00 00 00 00 00 00 00 00 
00 00 00 00 00 00 00 00 00 
00 00 00 00 00 00 00 00 00 
00 00 00 00 00 00 00 00 00 
00 00 00 00 00 00 00 00 00 
00 00 00 00 00 00 00 00 00 
00 00 00 00 00 00 00 00 00 
00 00 00 00 00 00 00 00 00 
00 00 00 00 00 00 00 00 00 
00 00 00 00 00 00 00 00 00 
00 00 00 00 00 00 00 00 00 
00 00 00 00 00 00 00 00 00 
00 00 00 00 00 00 00 00 00 
00 00 00 00 00 00 00 00 00 
00 00 00 00 00 00 00 00 00 
00 00 00 00 00 00 00 00 00 
00 00 00 00 00 00 00 00 00 
00 00 00 00 00 00 00 00 00 
00 00 00 00 00 00 00 00 00 
00 00 00 00 00 00 00 00 00 
00 00 00 00 00 00 00 00 00 
00 00 00 00 00 00 00 00 00 
00 00 00 00 00 00 00 00 00 
00 00 00 00 00 00 00 00 00 
00 00 00 00 00 00 00 00 00 
00 00 00 00 00 00 00 00 00 
00 00 00 00 00 00 00 00 00 
00 00 00 00 00 00 00 00 00 
00 00 00 00 00 00 00 00 00 
00 00 00 00 00 00 00 00 00 
00 00 00 00 00 00 00 00 00 
00 00 00 00 00 00 00 00 00 
00 00 00 00 00 00 00 00 00 
00 00 00 00 00 00 00 00 00 
00 00 00 00 00 00 00 00 00 
00 00 00 00 00 00 00 00 00 
00 00 00 00 00 00 00 00 00 
00 00 00 00 00 00 00 00 00 
00 00 00 00 00 00 00 00 00 
00 00 00 00 00 00 00 00 00 
00 00 00 00 00 00 00 00 00 
00 00 00 00 00 00 00 00 00 
00 00 00 00 00 00 00 00 00 
00 00 00 00 00 00 00 00 00 
00 00 00 00 00 00 00 00 00 
00 00 00 00 00 00 00 00 00 
00 00 00 00 00 00 00 00 00 
00 00 00 00 00 00 00 00 00 
00 00 00 00 00 00 00 00 00 
00 00 00 00 00 00 00 00 00 
00 00 00 00 00 00 00 00 00 
00 00 00 00 00 00 00 00 00 
00 00 00 00 00 00 00 00 00 
00 00 00 00 00 00 00 00 00 
00 00 00 00 00 00 00 00 00 
00 00 00 00 00 00 00 00 00 
00 00 00 00 00 00 00 00 00 
00 00 00 00 00 00 00 00 00 
00 00 00 00 00 00 00 00 00 
00 00 00 00 00 00 00 00 00 
00 00 00 00 00 00 00 00 00 
00 00 00 00 00 00 00 00 00 
00 00 00 00 00 00 00 00 00 
00 00 00 00 00 00 00 00 00 
00 00 00 00 00 00 00 00 00 
00 00 00 00 00 00 00 00 00 
00 00 00 00 00 00 00 00 00 
00 00 00 00 00 00 00 00 00 
00 00 00 00 00 00 00 00 00 
00 00 00 00 00 00 00 00 00 
00 00 00 00 00 00 00 00 00 
00 00 00 00 00 00 00 00 00 
00 00 00 00 00 00 00 00 00 
00 00 00 00 00 00 00 00 00 
00 00 00 00 00 00 00 00 00 
00 00 00 00 00 00 00 00 00 
00 00 00 00 00 00 00 00 00 
00 00 00 00 00 00 00 00 00 
00 00 00 00 00 00 00 00 00 
00 00 00 00 00 00 00 00 00 
00 00 00 00 00 00 00 00 00 
00 00 00 00 00 00 00 00 00 
00 00 00 00 00 00 00 00 00 
00 00 00 00 00 00 00 00 00 
00 00 00 00 00 00 00 00 00 
00 00 00 00 00 00 00 00 00 
00 00 00 00 00 00 00 00 00 
00 00 00 00 00 00 00 00 00 
00 00 00 00 00 00 00 00 00 
00 00 00 00 00 00 00 00 00 
00 00 00 00 00 00 00 00 00 
00 00 00 00 00 00 00 00 00 
00 00 00 00 00 00 00 00 00 
00 00 00 00 00 00 00 00 00 
00 00 00 00 00 00 00 00 00 
00 00 00 00 00 00 00 00 00 
00 00 00 00 00 00 00 00 00 
00 00 00 00 00 00 00 00 00 
00 00 00 00 00 00 00 00 00 
00 00 00 00 00 00 00 00 00 
00 00 00 00 00 00 00 00 00 
00 00 00 00 00 00 00 00 00 
00 00 00 00 00 00 00 00 00 
00 00 00 00 00 00 00 00 00 
00 00 00 00 00 00 00 00 00 
00 00 00 00 00 00 00 00 00 
00 00 00 00 00 00 00 00 00 
00 00 00 00 00 00 00 00 00 
00 00 00 00 00 00 00 00 00 
00 00 00 00 00 00 00 00 00 
00 00 00 00 00 00 00 00 00 
00 00 00 00 00 00 00 00 00 
00 00 00 00 00 00 00 00 00 
00 00 00 00 00 00 00 00 00 
00 00 00 00 00 00 00 00 00 
00 00 00 00 00 00 00 00 00 
00 00 00 00 00 00 00 00 00 
00 00 00 00 00 00 00 00 00 
00 00 00 00 00 00 00 00 00 
00 00 00 00 00 00 00 00 00 
00 00 00 00 00 00 00 00 00 
00 00 00 00 00 00 00 00 00 
00 00 00 00 00 00 00 00 00 
00 00 00 00 00 00 00 00 00 
00 00 00 00 00 00 00 00 00 
00 00 00 00 00 00 00 00 00 
00 00 00 00 00 00 00 00 00 
00 00 00 00 00 00 00 00 00 
00 00 00 00 00 00 00 00 00 
00 00 00 00 00 00 00 00 00 
00 00 00 00 00 00 00 00 00 
00 00 00 00 00 00 00 00 00 
00 00 00 00 00 00 00 00 00 
00 00 00 00 00 00 00 00 00 
00 00 00 00 00 00 00 00 00 
00 00 00 00 00 00 00 00 00 
00 00 00 00 00 00 00 00 00 
00 00 00 00 00 00 00 00 00 
00 00 00 00 00 00 00 00 00 
00 00 00 00 00 00 00 00 00 
00 00 00 00 00 00 00 00 00 
00 00 00 00 00 00 00 00 00 
00 00 00 00 00 00 00 00 00 
00 00 00 00 00 00 00 00 00 
00 00 00 00 00 00 00 00 00 
00 00 00 00 00 00 00 00 00 
00 00 00 00 00 00 00 00 00 
00 00 00 00 00 00 00 00 00 
00 00 00 00 00 00 00 00 00 
00 00 00 00 00 00 00 00 00 
00 00 00 00 00 00 00 00 00 
00 00 00 00 00 00 00 00 00 
00 00 00 00 00 00 00 00 00 
00 00 00 00 00 00 00 00 00 
00 00 00 00 00 00 00 00 00 
00 00 00 00 00 00 00 00 00 
00 00 00 00 00 00 00 00 00 
00 00 00 00 00 00 00 00 00 
00 00 00 00 00 00 00 00 00 
00 00 00 00 00 00 00 00 00 
00 00 00 00 00 00 00 00 00 
00 00 00 00 00 00 00 00 00 
00 00 00 00 00 00 00 00 00 
00 00 00 00 00 00 00 00 00 
00 00 00 00 00 00 00 00 00 
00 00 00 00 00 00 00 00 00 
00 00 00 00 00 00 00 00 00 
00 00 00 00 00 00 00 00 00 
00 00 00 00 00 00 00 00 00 
00 00 00 00 00 00 00 00 00 
00 00 00 00 00 00 00 00 00 
00 00 00 00 00 00 00 00 00 
00 00 00 00 00 00 00 00 00 
00 00 00 00 00 00 00 00 00 
00 00 00 00 00 00 00 00 00 
00 00 00 00 00 00 00 00 00 
00 00 00 00 00 00 00 00 00 
00 00 00 00 00 00 00 00 00 
00 00 00 00 00 00 00 00 00 
00 00 00 00 00 00 00 00 00 
00 00 00 00 00 00 00 00 00 
00 00 00 00 00 00 00 00 00 
00 00 00 00 00 00 00 00 00 
00 00 00 00 00 00 00 00 00 
00 00 00 00 00 00 00 00 00 
00 00 00 00 00 00 00 00 00 
00 00 00 00 00 00 00 00 00 
00 00 00 00 00 00 00 00 00 
00 00 00 00 00 00 00 00 00 
00 00 00 00 00 00 00 00 00 
00 00 00 00 00 00 00 00 00 
00 00 00 00 00 00 00 00 00 
00 00 00 00 00 00 00 00 00 
00 00 00 00 00 00 00 00 00 
00 00 00 00 00 00 00 00 00 
00 00 00 00 00 00 00 00 00 
00 00 00 00 00 00 00 00 00 
00 00 00 00 00 00 00 00 00 
00 00 00 00 00 00 00 00 00 
00 00 00 00 00 00 00 00 00 
00 00 00 00 00 00 00 00 00 
00 00 00 00 00 00 00 00 00 
00 00 00 00 00 00 00 00 00 
00 00 00 00 00 00 00 00 00 
00 00 00 00 00 00 00 00 00 
00 00 00 00 00 00 00 00 00 
00 00 00 00 00 00 00 00 00 
00 00 00 00 00 00 00 00 00 
00 00 00 00 00 00 00 00 00 
00 00 00 00 00 00 00 00 00 
00 00 00 00 00 00 00 00 00 
00 00 00 00 00 00 00 00 00 
00 00 00 00 00 00 00 00 00 
00 00 00 00 00 00 00 00 00 
00 00 00 00 00 00 00 00 00 
00 00 00 00 00 00 00 00 00 
00 00 00 00 00 00 00 00 00 
00 00 00 00 00 00 00 00 00 
00 00 00 00 00 00 00 00 00 
00 00 00 00 00 00 00 00 00 
00 00 00 00 00 00 00 00 00 
00 00 00 00 00 00 00 00 00 
00 00 00 00 00 00 00 00 00 
00 00 00 00 00 00 00 00 00 
00 00 00 00 00 00 00 00 00 
00 00 00 00 00 00 00 00 00 
00 00 00 00 00 00 00 00 00 
00 00 00 00 00 00 00 00 00 
00 00 00 00 00 00 00 00 00 
00 00 00 00 00 00 00 00 00 
00 00 00 00 00 00 00 00 00 
00 00 00 00 00 00 00 00 00 
00 00 00 00 00 00 00 00 00 
00 00 00 00 00 00 00 00 00 
00 00 00 00 00 00 00 00 00 
00 00 00 00 00 00 00 00 00 
00 00 00 00 00 00 00 00 00 
00 00 00 00 00 00 00 00 00 
00 00 00 00 00 00 00 00 00 
00 00 00 00 00 00 00 00 00 
00 00 00 00 00 00 00 00 00 
00 00 00 00 00 00 00 00 00 
00 00 00 00 00 00 00 00 00 
00 00 00 00 00 00 00 00 00 
00 00 00 00 00 00 00 00 00 
00 00 00 00 00 00 00 00 00 
00 00 00 00 00 00 00 00 00 
00 00 00 00 00 00 00 00 00 
00 00 00 00 00 00 00 00 00 
00 00 00 00 00 00 00 00 00 
00 00 00 00 00 00 00 00 00 
00 00 00 00 00 00 00 00 00 
00 00 00 00 00 00 00 00 00 
00 00 00 00 00 00 00 00 00 
00 00 00 00 00 00 00 00 00 
00 00 00 00 00 00 00 00 00 
00 00 00 00 00 00 00 00 00 
00 00 00 00 00 00 00 00 00 
00 00 00 00 00 00 00 00 00 
00 00 00 00 00 00 00 00 00 
00 00 00 00 00 00 00 00 00 
00 00 00 00 00 00 00 00 00 
00 00 00 00 00 00 00 00 00 
00 00 00 00 00 00 00 00 00 
00 00 00 00 00 00 00 00 00 
00 00 00 00 00 00 00 00 00 
00 00 00 00 00 00 00 00 00 
00 00 00 00 00 00 00 00 00 
00 00 00 00 00 00 00 00 00 
00 00 00 00 00 00 00 00 00 
00 00 00 00 00 00 00 00 00 
00 00 00 00 00 00 00 00 00 
00 00 00 00 00 00 00 00 00 
00 00 00 00 00 00 00 00 00 
00 00 00 00 00 00 00 00 00 
00 00 00 00 00 00 00 00 00 
00 00 00 00 00 00 00 00 00 
00 00 00 00 00 00 00 00 00 
00 00 00 00 00 00 00 00 00 
00 00 00 00 00 00 00 00 00 
00 00 00 00 00 00 00 00 00 
00 00 00 00 00 00 00 00 00 
00 00 00 00 00 00 00 00 00 
00 00 00 00 00 00 00 00 00 
00 00 00 00 00 00 00 00 00 
00 00 00 00 00 00 00 00 00 
00 00 00 00 00 00 00 00 00 
00 00 00 00 00 00 00 00 00 
00 00 00 00 00 00 00 00 00 
00 00 00 00 00 00 00 00 00 
00 00 00 00 00 00 00 00 00 
00 00 00 00 00 00 00 00 00 
00 00 00 00 00 00 00 00 00 
00 00 00 00 00 00 00 00 00 
00 00 00 00 00 00 00 00 00 
00 00 00 00 00 00 00 00 00 
00 00 00 00 00 00 00 00 00 
00 00 00 00 00 00 00 00 00 
00 00 00 00 00 00 00 00 00 
00 00 00 00 00 00 00 00 00 
00 00 00 00 00 00 00 00 00 
00 00 00 00 00 00 00 00 00 
00 00 00 00 00 00 00 00 00 
00 00 00 00 00 00 00 00 00 
00 00 00 00 00 00 00 00 00 
00 00 00 00 00 00 00 00 00 
00 00 00 00 00 00 00 00 00 
00 00 00 00 00 00 00 00 00 
00 00 00 00 00 00 00 00 00 
00 00 00 00 00 00 00 00 00 
00 00 00 00 00 00 00 00 00 
00 00 00 00 00 00 00 00 00 
00 00 00 00 00 00 00 00 00 
00 00 00 00 00 00 00 00 00 
00 00 00 00 00 00 00 00 00 
00 00 00 00 00 00 00 00 00 
00 00 00 00 00 00 00 00 00 
00 00 00 00 00 00 00 00 00 
00 00 00 00 00 00 00 00 00 
00 00 00 00 00 00 00 00 00 
00 00 00 00 00 00 00 00 00 
00 00 00 00 00 00 00 00 00 
00 00 00 00 00 00 00 00 00 
00 00 00 00 00 00 00 00 00 
00 00 00 00 00 00 00 00 00 
00 00 00 00 00 00 00 00 00 
00 00 00 00 00 00 00 00 00 
00 00 00 00 00 00 00 00 00 
00 00 00 00 00 00 00 00 00 
00 00 00 00 00 00 00 00 00 
00 00 00 00 00 00 00 00 00 
00 00 00 00 00 00 00 00 00 
00 00 00 00 00 00 00 00 00 
00 00 00 00 00 00 00 00 00 
00 00 00 00 00 00 00 00 00 
00 00 00 00 00 00 00 00 00 
00 00 00 00 00 00 00 00 00 
00 00 00 00 00 00 00 00 00 
00 00 00 00 00 00 00 00 00 
00 00 00 00 00 00 00 00 00 
00 00 00 00 00 00 00 00 00 
00 00 00 00 00 00 00 00 00 
00 00 00 00 00 00 00 00 00 
00 00 00 00 00 00 00 00 00 
00 00 00 00 00 00 00 00 00 
00 00 00 00 00 00 00 00 00 
00 00 00 00 00 00 00 00 00 
00 00 00 00 00 00 00 00 00 
00 00 00 00 00 00 00 00 00 
00 00 00 00 00 00 00 00 00 
00 00 00 00 00 00 00 00 00 
00 00 00 00 00 00 00 00 00 
00 00 00 00 00 00 00 00 00 
00 00 00 00 00 00 00 00 00 
00 00 00 00 00 00 00 00 00 
00 00 00 00 00 00 00 00 00 
00 00 00 00 00 00 00 00 00 
00 00 00 00 00 00 00 00 00 
00 00 00 00 00 00 00 00 00 
00 00 00 00 00 00 00 00 00 
00 00 00 00 00 00 00 00 00 
00 00 00 00 00 00 00 00 00 
00 00 00 00 00 00 00 00 00 
00 00 00 00 00 00 00 00 00 
00 00 00 00 00 00 00 00 00 
00 00 00 00 00 00 00 00 00 
00 00 00 00 00 00 00 00 00 
00 00 00 00 00 00 00 00 00 
00 00 00 00 00 00 00 00 00 
00 00 00 00 00 00 00 00 00 
00 00 00 00 00 00 00 00 00 
00 00 00 00 00 00 00 00 00 
00 00 00 00 00 00 00 00 00 
00 00 00 00 00 00 00 00 00 
00 00 00 00 00 00 00 00 00 
00 00 00 00 00 00 00 00 00 
00 00 00 00 00 00 00 00 00 
00 00 00 00 00 00 00 00 00 
00 00 00 00 00 00 00 00 00 
00 00 00 00 00 00 00 00 00 
00 00 00 00 00 00 00 00 00 
00 00 00 00 00 00 00 00 00 
00 00 00 00 00 00 00 00 00 
00 00 00 00 00 00 00 00 00 
00 00 00 00 00 00 00 00 00 
00 00 00 00 00 00 00 00 00 
00 00 00 00 00 00 00 00 00 
00 00 00 00 00 00 00 00 00 
00 00 00 00 00 00 00 00 00 
00 00 00 00 00 00 00 00 00 
00 00 00 00 00 00 00 00 00 
00 00 00 00 00 00 00 00 00 
00 00 00 00 00 00 00 00 00 
00 00 00 00 00 00 00 00 00 
00 00 00 00 00 00 00 00 00 
00 00 00 00 00 00 00 00 00 
00 00 00 00 00 00 00 00 00 
00 00 00 00 00 00 00 00 00 
00 00 00 00 00 00 00 00 00 
00 00 00 00 00 00 00 00 00 
00 00 00 00 00 00 00 00 00 
00 00 00 00 00 00 00 00 00 
00 00 00 00 00 00 00 00 00 
00 00 00 00 00 00 00 00 00 
00 00 00 00 00 00 00 00 00 
00 00 00 00 00 00 00 00 00 
00 00 00 00 00 00 00 00 00 
00 00 00 00 00 00 00 00 00 
00 00 00 00 00 00 00 00 00 
00 00 00 00 00 00 00 00 00 
00 00 00 00 00 00 00 00 00 
00 00 00 00 00 00 00 00 00 
00 00 00 00 00 00 00 00 00 
00 00 00 00 00 00 00 00 00 
00 00 00 00 00 00 00 00 00 
00 00 00 00 00 00 00 00 00 
00 00 00 00 00 00 00 00 00 
00 00 00 00 00 00 00 00 00 
00 00 00 00 00 00 00 00 00 
00 00 00 00 00 00 00 00 00 
00 00 00 00 00 00 00 00 00 
00 00 00 00 00 00 00 00 00 
00 00 00 00 00 00 00 00 00 
00 00 00 00 00 00 00 00 00 
00 00 00 00 00 00 00 00 00 
00 00 00 00 00 00 00 00 00 
00 00 00 00 00 00 00 00 00 
00 00 00 00 00 00 00 00 00 
00 00 00 00 00 00 00 00 00 
00 00 00 00 00 00 00 00 00 
00 00 00 00 00 00 00 00 00 
00 00 00 00 00 00 00 00 00 
00 00 00 00 00 00 00 00 00 
00 00 00 00 00 00 00 00 00 
00 00 00 00 00 00 00 00 00 
00 00 00 00 00 00 00 00 00 
00 00 00 00 00 00 00 00 00 
00 00 00 00 00 00 00 00 00 
00 00 00 00 00 00 00 00 00 
00 00 00 00 00 00 00 00 00 
00 00 00 00 00 00 00 00 00 
00 00 00 00 00 00 00 00 00 
00 00 00 00 00 00 00 00 00 
00 00 00 00 00 00 00 00 00 
00 00 00 00 00 00 00 00 00 
00 00 00 00 00 00 00 00 00 
00 00 00 00 00 00 00 00 00 
00 00 00 00 00 00 00 00 00 
00 00 00 00 00 00 00 00 00 
00 00 00 00 00 00 00 00 00 
00 00 00 00 00 00 00 00 00 
00 00 00 00 00 00 00 00 00 
00 00 00 00 00 00 00 00 00 
00 00 00 00 00 00 00 00 00 
00 00 00 00 00 00 00 00 00 
00 00 00 00 00 00 00 00 00 
00 00 00 00 00 00 00 00 00 
00 00 00 00 00 00 00 00 00 
00 00 00 00 00 00 00 00 00 
00 00 00 00 00 00 00 00 00 
00 00 00 00 00 00 00 00 00 
00 00 00 00 00 00 00 00 00 
00 00 00 00 00 00 00 00 00 
00 00 00 00 00 00 00 00 00 
00 00 00 00 00 00 00 00 00 
00 00 00 00 00 00 00 00 00 
00 00 00 00 00 00 00 00 00 
00 00 00 00 00 00 00 00 00 
00 00 00 00 00 00 00 00 00 
00 00 00 00 00 00 00 00 00 
00 00 00 00 00 00 00 00 00 
00 00 00 00 00 00 00 00 00 
00 00 00 00 00 00 00 00 00 
00 00 00 00 00 00 00 00 00 
00 00 00 00 00 00 00 00 00 
00 00 00 00 00 00 00 00 00 
00 00 00 00 00 00 00 00 00 
00 00 00 00 00 00 00 00 00 
00 00 00 00 00 00 00 00 00 
00 00 00 00 00 00 00 00 00 
00 00 00 00 00 00 00 00 00 
00 00 00 00 00 00 00 00 00 
00 00 00 00 00 00 00 00 00 
00 00 00 00 00 00 00 00 00 
00 00 00 00 00 00 00 00 00 
00 00 00 00 00 00 00 00 00 
00 00 00 00 00 00 00 00 00 
00 00 00 00 00 00 00 00 00 
00 00 00 00 00 00 00 00 00 
00 00 00 00 00 00 00 00 00 
00 00 00 00 00 00 00 00 00 
00 00 00 00 00 00 00 00 00 
00 00 00 00 00 00 00 00 00 
00 00 00 00 00 00 00 00 00 
00 00 00 00 00 00 00 00 00 
00 00 00 00 00 00 00 00 00 
00 00 00 00 00 00 00 00 00 
00 00 00 00 00 00 00 00 00 
00 00 00 00 00 00 00 00 00 
00 00 00 00 00 00 00 00 00 
00 00 00 00 00 00 00 00 00 
00 00 00 00 00 00 00 00 00 
00 00 00 00 00 00 00 00 00 
00 00 00 00 00 00 00 00 00 
00 00 00 00 00 00 00 00 00 
00 00 00 00 00 00 00 00 00 
00 00 00 00 00 00 00 00 00 
00 00 00 00 00 00 00 00 00 
00 00 00 00 00 00 00 00 00 
00 00 00 00 00 00 00 00 00 
00 00 00 00 00 00 00 00 00 
00 00 00 00 00 00 00 00 00 
00 00 00 00 00 00 00 00 00 
00 00 00 00 00 00 00 00 00 
00 00 00 00 00 00 00 00 00 
00 00 00 00 00 00 00 00 00 
00 00 00 00 00 00 00 00 00 
00 00 00 00 00 00 00 00 00 
00 00 00 00 00 00 00 00 00 
00 00 00 00 00 00 00 00 00 
00 00 00 00 00 00 00 00 00 
00 00 00 00 00 00 00 00 00 
00 00 00 00 00 00 00 00 00 
00 00 00 00 00 00 00 00 00 
00 00 00 00 00 00 00 00 00 
00 00 00 00 00 00 00 00 00 
00 00 00 00 00 00 00 00 00 
00 00 00 00 00 00 00 00 00 
00 00 00 00 00 00 00 00 00 
00 00 00 00 00 00 00 00 00 
00 00 00 00 00 00 00 00 00 
00 00 00 00 00 00 00 00 00 
00 00 00 00 00 00 00 00 00 
00 00 00 00 00 00 00 00 00 
00 00 00 00 00 00 00 00 00 
00 00 00 00 00 00 00 00 00 
00 00 00 00 00 00 00 00 00 
00 00 00 00 00 00 00 00 00 
00 00 00 00 00 00 00 00 00 
00 00 00 00 00 00 00 00 00 
00 00 00 00 00 00 00 00 00 
00 00 00 00 00 00 00 00 00 
00 00 00 00 00 00 00 00 00 
00 00 00 00 00 00 00 00 00 
00 00 00 00 00 00 00 00 00 
00 00 00 00 00 00 00 00 00 
00 00 00 00 00 00 00 00 00 
00 00 00 00 00 00 00 00 00 
00 00 00 00 00 00 00 00 00 
00 00 00 00 00 00 00 00 00 
00 00 00 00 00 00 00 00 00 
00 00 00 00 00 00 00 00 00 
00 00 00 00 00 00 00 00 00 
00 00 00 00 00 00 00 00 00 
00 00 00 00 00 00 00 00 00 
00 00 00 00 00 00 00 00 00 
00 00 00 00 00 00 00 00 00 
00 00 00 00 00 00 00 00 00 
00 00 00 00 00 00 00 00 00 
00 00 00 00 00 00 00 00 00 
00 00 00 00 00 00 00 00 00 
00 00 00 00 00 00 00 00 00 
00 00 00 00 00 00 00 00 00 
00 00 00 00 00 00 00 00 00 
00 00 00 00 00 00 00 00 00 
00 00 00 00 00 00 00 00 00 
00 00 00 00 00 00 00 00 00 
00 00 00 00 00 00 00 00 00 
00 00 00 00 00 00 00 00 00 
00 00 00 00 00 00 00 00 00 
00 00 00 00 00 00 00 00 00 
00 00 00 00 00 00 00 00 00 
00 00 00 00 00 00 00 00 00 
00 00 00 00 00 00 00 00 00 
00 00 00 00 00 00 00 00 00 
00 00 00 00 00 00 00 00 00 
00 00 00 00 00 00 00 00 00 
00 00 00 00 00 00 00 00 00 
00 00 00 00 00 00 00 00 00 
00 00 00 00 00 00 00 00 00 
00 00 00 00 00 00 00 00 00 
00 00 00 00 00 00 00 00 00 
00 00 00 00 00 00 00 00 00 
00 00 00 00 00 00 00 00 00 
00 00 00 00 00 00 00 00 00 
00 00 00 00 00 00 00 00 00 
00 00 00 00 00 00 00 00 00 
00 00 00 00 00 00 00 00 00 
00 00 00 00 00 00 00 00 00 
00 00 00 00 00 00 00 00 00 
00 00 00 00 00 00 00 00 00 
00 00 00 00 00 00 00 00 00 
00 00 00 00 00 00 00 00 00 
00 00 00 00 00 00 00 00 00 
00 00 00 00 00 00 00 00 00 
00 00 00 00 00 00 00 00 00 
00 00 00 00 00 00 00 00 00 
00 00 00 00 00 00 00 00 00 
00 00 00 00 00 00 00 00 00 
00 00 00 00 00 00 00 00 00 
00 00 00 00 00 00 00 00 00 
00 00 00 00 00 00 00 00 00 
00 00 00 00 00 00 00 00 00 
00 00 00 00 00 00 00 00 00 
00 00 00 00 00 00 00 00 00 
00 00 00 00 00 00 00 00 00 
00 00 00 00 00 00 00 00 00 
00 00 00 00 00 00 00 00 00 
00 00 00 00 00 00 00 00 00 
00 00 00 00 00 00 00 00 00 
00 00 00 00 00 00 00 00 00 
00 00 00 00 00 00 00 00 00 
00 00 00 00 00 00 00 00 00 
00 00 00 00 00 00 00 00 00 
00 00 00 00 00 00 00 00 00 
00 00 00 00 00 00 00 00 00 
00 00 00 00 00 00 00 00 00 
00 00 00 00 00 00 00 00 00 
00 00 00 00 00 00 00 00 00 
00 00 00 00 00 00 00 00 00 
00 00 00 00 00 00 00 00 00 
00 00 00 00 00 00 00 00 00 
00 00 00 00 00 00 00 00 00 
00 00 00 00 00 00 00 00 00 
00 00 00 00 00 00 00 00 00 
00 00 00 00 00 00 00 00 00 
00 00 00 00 00 00 00 00 00 
00 00 00 00 00 00 00 00 00 
00 00 00 00 00 00 00 00 00 
00 00 00 00 00 00 00 00 00 
00 00 00 00 00 00 00 00 00 
00 00 00 00 00 00 00 00 00 
00 00 00 00 00 00 00 00 00 
00 00 00 00 00 00 00 00 00 
00 00 00 00 00 00 00 00 00 
00 00 00 00 00 00 00 00 00 
00 00 00 00 00 00 00 00 00 
00 00 00 00 00 00 00 00 00 
00 00 00 00 00 00 00 00 00 
00 00 00 00 00 00 00 00 00 
00 00 00 00 00 00 00 00 00 
00 00 00 00 00 00 00 00 00 
00 00 00 00 00 00 00 00 00 
00 00 00 00 00 00 00 00 00 
00 00 00 00 00 00 00 00 00 
00 00 00 00 00 00 00 00 00 
00 00 00 00 00 00 00 00 00 
00 00 00 00 00 00 00 00 00 
00 00 00 00 00 00 00 00 00 
00 00 00 00 00 00 00 00 00 
00 00 00 00 00 00 00 00 00 
00 00 00 00 00 00 00 00 00 
00 00 00 00 00 00 00 00 00 
00 00 00 00 00 00 00 00 00 
00 00 00 00 00 00 00 00 00 
00 00 00 00 00 00 00 00 00 
00 00 00 00 00 00 00 00 00 
00 00 00 00 00 00 00 00 00 
00 00 00 00 00 00 00 00 00 
00 00 00 00 00 00 00 00 00 
00 00 00 00 00 00 00 00 00 
00 00 00 00 00 00 00 00 00 
00 00 00 00 00 00 00 00 00 
00 00 00 00 00 00 00 00 00 
00 00 00 00 00 00 00 00 00 
00 00 00 00 00 00 00 00 00 
00 00 00 00 00 00 00 00 00 
00 00 00 00 00 00 00 00 00 
00 00 00 00 00 00 00 00 00 
00 00 00 00 00 00 00 00 00 
00 00 00 00 00 00 00 00 00 
00 00 00 00 00 00 00 00 00 
00 00 00 00 00 00 00 00 00 
00 00 00 00 00 00 00 00 00 
00 00 00 00 00 00 00 00 00 
00 00 00 00 00 00 00 00 00 
00 00 00 00 00 00 00 00 00 
00 00 00 00 00 00 00 00 00 
00 00 00 00 00 00 00 00 00 
00 00 00 00 00 00 00 00 00 
00 00 00 00 00 00 00 00 00 
00 00 00 00 00 00 00 00 00 
00 00 00 00 00 00 00 00 00 
00 00 00 00 00 00 00 00 00 
00 00 00 00 00 00 00 00 00 
00 00 00 00 00 00 00 00 00 
00 00 00 00 00 00 00 00 00 
00 00 00 00 00 00 00 00 00 
00 00 00 00 00 00 00 00 00 
00 00 00 00 00 00 00 00 00 
00 00 00 00 00 00 00 00 00 
00 00 00 00 00 00 00 00 00 
00 00 00 00 00 00 00 00 00 
00 00 00 00 00 00 00 00 00 
00 00 00 00 00 00 00 00 00 
00 00 00 00 00 00 00 00 00 
00 00 00 00 00 00 00 00 00 
00 00 00 00 00 00 00 00 00 
00 00 00 00 00 00 00 00 00 
00 00 00 00 00 00 00 00 00 
00 00 00 00 00 00 00 00 00 
00 00 00 00 00 00 00 00 00 
00 00 00 00 00 00 00 00 00 
00 00 00 00 00 00 00 00 00 
00 00 00 00 00 00 00 00 00 
00 00 00 00 00 00 00 00 00 
00 00 00 00 00 00 00 00 00 
00 00 00 00 00 00 00 00 00 
00 00 00 00 00 00 00 00 00 
00 00 00 00 00 00 00 00 00 
00 00 00 00 00 00 00 00 00 
00 00 00 00 00 00 00 00 00 
00 00 00 00 00 00 00 00 00 
00 00 00 00 00 00 00 00 00 
00 00 00 00 00 00 00 00 00 
00 00 00 00 00 00 00 00 00 
00 00 00 00 00 00 00 00 00 
00 00 00 00 00 00 00 00 00 
00 00 00 00 00 00 00 00 00 
00 00 00 00 00 00 00 00 00 
00 00 00 00 00 00 00 00 00 
00 00 00 00 00 00 00 00 00 
00 00 00 00 00 00 00 00 00 
00 00 00 00 00 00 00 00 00 
00 00 00 00 00 00 00 00 00 
00 00 00 00 00 00 00 00 00 
00 00 00 00 00 00 00 00 00 
00 00 00 00 00 00 00 00 00 
00 00 00 00 00 00 00 00 00 
00 00 00 00 00 00 00 00 00 
00 00 00 00 00 00 00 00 00 
00 00 00 00 00 00 00 00 00 
00 00 00 00 00 00 00 00 00 
00 00 00 00 00 00 00 00 00 
00 00 00 00 00 00 00 00 00 
00 00 00 00 00 00 00 00 00 
00 00 00 00 00 00 00 00 00 
00 00 00 00 00 00 00 00 00 
00 00 00 00 00 00 00 00 00 
00 00 00 00 00 00 00 00 00 
00 00 00 00 00 00 00 00 00 
00 00 00 00 00 00 00 00 00 
00 00 00 00 00 00 00 00 00 
00 00 00 00 00 00 00 00 00 
00 00 00 00 00 00 00 00 00 
00 00 00 00 00 00 00 00 00 
00 00 00 00 00 00 00 00 00 
00 00 00 00 00 00 00 00 00 
00 00 00 00 00 00 00 00 00 
00 00 00 00 00 00 00 00 00 
00 00 00 00 00 00 00 00 00 
00 00 00 00 00 00 00 00 00 
00 00 00 00 00 00 00 00 00 
00 00 00 00 00 00 00 00 00 
00 00 00 00 00 00 00 00 00 
00 00 00 00 00 00 00 00 00 
00 00 00 00 00 00 00 00 00 
00 00 00 00 00 00 00 00 00 
00 00 00 00 00 00 00 00 00 
00 00 00 00 00 00 00 00 00 
00 00 00 00 00 00 00 00 00 
00 00 00 00 00 00 00 00 00 
00 00 00 00 00 00 00 00 00 
00 00 00 00 00 00 00 00 00 
00 00 00 00 00 00 00 00 00 
00 00 00 00 00 00 00 00 00 
00 00 00 00 00 00 00 00 00 
00 00 00 00 00 00 00 00 00 
00 00 00 00 00 00 00 00 00 
00 00 00 00 00 00 00 00 00 
00 00 00 00 00 00 00 00 00 
00 00 00 00 00 00 00 00 00 
00 00 00 00 00 00 00 00 00 
00 00 00 00 00 00 00 00 00 
00 00 00 00 00 00 00 00 00 
00 00 00 00 00 00 00 00 00 
00 00 00 00 00 00 00 00 00 
00 00 00 00 00 00 00 00 00 
00 00 00 00 00 00 00 00 00 
00 00 00 00 00 00 00 00 00 
00 00 00 00 00 00 00 00 00 
00 00 00 00 00 00 00 00 00 
00 00 00 00 00 00 00 00 00 
00 00 00 00 00 00 00 00 00 
00 00 00 00 00 00 00 00 00 
00 00 00 00 00 00 00 00 00 
00 00 00 00 00 00 00 00 00 
00 00 00 00 00 00 00 00 00 
00 00 00 00 00 00 00 00 00 
00 00 00 00 00 00 00 00 00 
00 00 00 00 00 00 00 00 00 
00 00 00 00 00 00 00 00 00 
00 00 00 00 00 00 00 00 00 
00 00 00 00 00 00 00 00 00 
00 00 00 00 00 00 00 00 00 
00 00 00 00 00 00 00 00 00 
00 00 00 00 00 00 00 00 00 
00 00 00 00 00 00 00 00 00 
00 00 00 00 00 00 00 00 00 
00 00 00 00 00 00 00 00 00 
00 00 00 00 00 00 00 00 00 
00 00 00 00 00 00 00 00 00 
00 00 00 00 00 00 00 00 00 
00 00 00 00 00 00 00 00 00 
00 00 00 00 00 00 00 00 00 
00 00 00 00 00 00 00 00 00 
00 00 00 00 00 00 00 00 00 
00 00 00 00 00 00 00 00 00 
00 00 00 00 00 00 00 00 00 
00 00 00 00 00 00 00 00 00 
00 00 00 00 00 00 00 00 00 
00 00 00 00 00 00 00 00 00 
00 00 00 00 00 00 00 00 00 
00 00 00 00 00 00 00 00 00 
00 00 00 00 00 00 00 00 00 
00 00 00 00 00 00 00 00 00 
00 00 00 00 00 00 00 00 00 
00 00 00 00 00 00 00 00 00 
00 00 00 00 00 00 00 00 00 
00 00 00 00 00 00 00 00 00 
00 00 00 00 00 00 00 00 00 
00 00 00 00 00 00 00 00 00 
00 00 00 00 00 00 00 00 00 
00 00 00 00 00 00 00 00 00 
00 00 00 00 00 00 00 00 00 
00 00 00 00 00 00 00 00 00 
00 00 00 00 00 00 00 00 00 
00 00 00 00 00 00 00 00 00 
00 00 00 00 00 00 00 00 00 
00 00 00 00 00 00 00 00 00 
00 00 00 00 00 00 00 00 00 
00 00 00 00 00 00 00 00 00 
00 00 00 00 00 00 00 00 00 
00 00 00 00 00 00 00 00 00 
00 00 00 00 00 00 00 00 00 
00 00 00 00 00 00 00 00 00 
00 00 00 00 00 00 00 00 00 
00 00 00 00 00 00 00 00 00 
00 00 00 00 00 00 00 00 00 
00 00 00 00 00 00 00 00 00 
00 00 00 00 00 00 00 00 00 
00 00 00 00 00 00 00 00 00 
00 00 00 00 00 00 00 00 00 
00 00 00 00 00 00 00 00 00 
00 00 00 00 00 00 00 00 00 
00 00 00 00 00 00 00 00 00 
00 00 00 00 00 00 00 00 00 
00 00 00 00 00 00 00 00 00 
00 00 00 00 00 00 00 00 00 
00 00 00 00 00 00 00 00 00 
00 00 00 00 00 00 00 00 00 
00 00 00 00 00 00 00 00 00 
00 00 00 00 00 00 00 00 00 
00 00 00 00 00 00 00 00 00 
00 00 00 00 00 00 00 00 00 
00 00 00 00 00 00 00 00 00 
00 00 00 00 00 00 00 00 00 
00 00 00 00 00 00 00 00 00 
00 00 00 00 00 00 00 00 00 
00 00 00 00 00 00 00 00 00 
00 00 00 00 00 00 00 00 00 
00 00 00 00 00 00 00 00 00 
00 00 00 00 00 00 00 00 00 
00 00 00 00 00 00 00 00 00 
00 00 00 00 00 00 00 00 00 
00 00 00 00 00 00 00 00 00 
00 00 00 00 00 00 00 00 00 
00 00 00 00 00 00 00 00 00 
00 00 00 00 00 00 00 00 00 
00 00 00 00 00 00 00 00 00 
00 00 00 00 00 00 00 00 00 
00 00 00 00 00 00 00 00 00 
00 00 00 00 00 00 00 00 00 
00 00 00 00 00 00 00 00 00 
00 00 00 00 00 00 00 00 00 
00 00 00 00 00 00 00 00 00 
00 00 00 00 00 00 00 00 00 
00 00 00 00 00 00 00 00 00 
00 00 00 00 00 00 00 00 00 
00 00 00 00 00 00 00 00 00 
00 00 00 00 00 00 00 00 00 
00 00 00 00 00 00 00 00 00 
00 00 00 00 00 00 00 00 00 
00 00 00 00 00 00 00 00 00 
00 00 00 00 00 00 00 00 00 
00 00 00 00 00 00 00 00 00 
00 00 00 00 00 00 00 00 00 
00 00 00 00 00 00 00 00 00 
00 00 00 00 00 00 00 00 00 
00 00 00 00 00 00 00 00 00 
00 00 00 00 00 00 00 00 00 
00 00 00 00 00 00 00 00 00 
00 00 00 00 00 00 00 00 00 
00 00 00 00 00 00 00 00 00 
00 00 00 00 00 00 00 00 00 
00 00 00 00 00 00 00 00 00 
00 00 00 00 00 00 00 00 00 
00 00 00 00 00 00 00 00 00 
00 00 00 00 00 00 00 00 00 
00 00 00 00 00 00 00 00 00 
00 00 00 00 00 00 00 00 00 
00 00 00 00 00 00 00 00 00 
00 00 00 00 00 00 00 00 00 
00 00 00 00 00 00 00 00 00 
00 00 00 00 00 00 00 00 00 
00 00 00 00 00 00 00 00 00 
00 00 00 00 00 00 00 00 00 
00 00 00 00 00 00 00 00 00 
00 00 00 00 00 00 00 00 00 
00 00 00 00 00 00 00 00 00 
00 00 00 00 00 00 00 00 00 
00 00 00 00 00 00 00 00 00 
00 00 00 00 00 00 00 00 00 
00 00 00 00 00 00 00 00 00 
00 00 00 00 00 00 00 00 00 
00 00 00 00 00 00 00 00 00 
00 00 00 00 00 00 00 00 00 
00 00 00 00 00 00 00 00 00 
00 00 00 00 00 00 00 00 00 
00 00 00 00 00 00 00 00 00 
00 00 00 00 00 00 00 00 00 
00 00 00 00 00 00 00 00 00 
00 00 00 00 00 00 00 00 00 
00 00 00 00 00 00 00 00 00 
00 00 00 00 00 00 00 00 00 
00 00 00 00 00 00 00 00 00 
00 00 00 00 00 00 00 00 00 
00 00 00 00 00 00 00 00 00 
00 00 00 00 00 00 00 00 00 
00 00 00 00 00 00 00 00 00 
00 00 00 00 00 00 00 00 00 
00 00 00 00 00 00 00 00 00 
00 00 00 00 00 00 00 00 00 
00 00 00 00 00 00 00 00 00 
00 00 00 00 00 00 00 00 00 
00 00 00 00 00 00 00 00 00 
00 00 00 00 00 00 00 00 00 
00 00 00 00 00 00 00 00 00 
00 00 00 00 00 00 00 00 00 
00 00 00 00 00 00 00 00 00 
00 00 00 00 00 00 00 00 00 
00 00 00 00 00 00 00 00 00 
00 00 28 00 
